2 1 a_0 0 10 IN
2 1 a_1 0 9 IN
2 1 a_2 0 8 IN
2 1 a_3 0 7 IN
2 1 a_4 0 6 IN
2 1 a_5 0 5 IN
2 1 a_6 0 4 IN
2 1 a_7 0 3 IN
2 1 a_8 0 2 IN
2 1 b_0 1 678 IN
2 1 b_1 1 677 IN
2 1 b_2 1 676 IN
2 1 7 10 12 GT
19 9 12 7 9 8 7 6 5 4 3 2 10 9 8 7 6 5 4 3 2 13 14 15 16 17 18 19 20 21 MUX
19 9 12 13 14 15 10 17 18 19 20 21 13 14 15 16 17 18 19 20 21 22 23 24 25 26 27 28 29 30 MUX
19 9 12 22 26 24 25 26 27 28 29 30 22 23 24 25 26 27 28 29 30 31 32 33 34 35 36 37 38 39 MUX
19 9 12 31 32 33 34 23 36 37 38 39 31 32 33 34 35 36 37 38 39 40 41 42 43 44 45 46 47 48 MUX
19 9 12 40 41 45 43 44 45 46 47 48 40 41 42 43 44 45 46 47 48 49 50 51 52 53 54 55 56 57 MUX
19 9 12 49 50 51 52 53 42 55 56 57 49 50 51 52 53 54 55 56 57 58 59 60 61 62 63 64 65 66 MUX
19 9 12 58 9 8 7 6 5 4 3 2 10 9 8 7 6 5 4 3 2 67 68 69 70 71 72 73 74 75 MUX
19 9 12 67 59 69 70 71 72 73 74 75 67 68 69 70 71 72 73 74 75 76 77 78 79 80 81 82 83 84 MUX
19 9 12 76 77 60 79 80 81 82 83 84 76 77 78 79 80 81 82 83 84 85 86 87 88 89 90 91 92 93 MUX
19 9 12 85 86 87 61 89 90 91 92 93 85 86 87 88 89 90 91 92 93 94 95 96 97 98 99 100 101 102 MUX
19 9 12 94 95 96 97 62 99 100 101 102 94 95 96 97 98 99 100 101 102 103 104 105 106 107 108 109 110 111 MUX
19 9 12 103 104 105 106 107 63 109 110 111 103 104 105 106 107 108 109 110 111 112 113 114 115 116 117 118 119 120 MUX
19 9 12 112 113 114 115 116 117 64 119 120 112 113 114 115 116 117 118 119 120 121 122 123 124 125 126 127 128 129 MUX
19 9 12 121 122 123 124 125 126 127 65 129 121 122 123 124 125 126 127 128 129 130 131 132 133 134 135 136 137 138 MUX
19 9 12 130 131 132 133 134 135 136 137 66 130 131 132 133 134 135 136 137 138 139 140 141 142 143 144 145 146 147 MUX
19 9 12 139 59 60 61 62 63 64 65 66 58 59 60 61 62 63 64 65 66 148 149 150 151 152 153 154 155 156 MUX
19 9 12 148 140 150 151 152 153 154 155 156 148 149 150 151 152 153 154 155 156 157 158 159 160 161 162 163 164 165 MUX
19 9 12 157 158 141 160 161 162 163 164 165 157 158 159 160 161 162 163 164 165 166 167 168 169 170 171 172 173 174 MUX
19 9 12 166 167 168 142 170 171 172 173 174 166 167 168 169 170 171 172 173 174 175 176 177 178 179 180 181 182 183 MUX
19 9 12 175 176 177 178 143 180 181 182 183 175 176 177 178 179 180 181 182 183 184 185 186 187 188 189 190 191 192 MUX
19 9 12 184 185 186 187 188 144 190 191 192 184 185 186 187 188 189 190 191 192 193 194 195 196 197 198 199 200 201 MUX
19 9 12 193 194 195 196 197 198 145 200 201 193 194 195 196 197 198 199 200 201 202 203 204 205 206 207 208 209 210 MUX
19 9 12 202 203 204 205 206 207 208 146 210 202 203 204 205 206 207 208 209 210 211 212 213 214 215 216 217 218 219 MUX
19 9 12 211 212 213 214 215 216 217 218 147 211 212 213 214 215 216 217 218 219 220 221 222 223 224 225 226 227 228 MUX
2 1 226 220 229 GT
19 9 229 226 221 222 223 224 225 226 227 228 220 221 222 223 224 225 226 227 228 230 231 232 233 234 235 236 237 238 MUX
19 9 229 230 231 232 233 234 235 220 237 238 230 231 232 233 234 235 236 237 238 239 240 241 242 243 244 245 246 247 MUX
19 9 229 239 246 241 242 243 244 245 246 247 239 240 241 242 243 244 245 246 247 248 249 250 251 252 253 254 255 256 MUX
19 9 229 248 249 250 251 252 253 254 240 256 248 249 250 251 252 253 254 255 256 257 258 259 260 261 262 263 264 265 MUX
19 9 229 257 258 265 260 261 262 263 264 265 257 258 259 260 261 262 263 264 265 266 267 268 269 270 271 272 273 274 MUX
19 9 229 266 267 268 269 270 271 272 273 259 266 267 268 269 270 271 272 273 274 275 276 277 278 279 280 281 282 283 MUX
19 9 229 275 140 141 142 143 144 145 146 147 139 140 141 142 143 144 145 146 147 284 285 286 287 288 289 290 291 292 MUX
19 9 229 284 276 286 287 288 289 290 291 292 284 285 286 287 288 289 290 291 292 293 294 295 296 297 298 299 300 301 MUX
19 9 229 293 294 277 296 297 298 299 300 301 293 294 295 296 297 298 299 300 301 302 303 304 305 306 307 308 309 310 MUX
19 9 229 302 303 304 278 306 307 308 309 310 302 303 304 305 306 307 308 309 310 311 312 313 314 315 316 317 318 319 MUX
19 9 229 311 312 313 314 279 316 317 318 319 311 312 313 314 315 316 317 318 319 320 321 322 323 324 325 326 327 328 MUX
19 9 229 320 321 322 323 324 280 326 327 328 320 321 322 323 324 325 326 327 328 329 330 331 332 333 334 335 336 337 MUX
19 9 229 329 330 331 332 333 334 281 336 337 329 330 331 332 333 334 335 336 337 338 339 340 341 342 343 344 345 346 MUX
19 9 229 338 339 340 341 342 343 344 282 346 338 339 340 341 342 343 344 345 346 347 348 349 350 351 352 353 354 355 MUX
19 9 229 347 348 349 350 351 352 353 354 283 347 348 349 350 351 352 353 354 355 356 357 358 359 360 361 362 363 364 MUX
19 9 229 356 276 277 278 279 280 281 282 283 275 276 277 278 279 280 281 282 283 365 366 367 368 369 370 371 372 373 MUX
19 9 229 365 357 367 368 369 370 371 372 373 365 366 367 368 369 370 371 372 373 374 375 376 377 378 379 380 381 382 MUX
19 9 229 374 375 358 377 378 379 380 381 382 374 375 376 377 378 379 380 381 382 383 384 385 386 387 388 389 390 391 MUX
19 9 229 383 384 385 359 387 388 389 390 391 383 384 385 386 387 388 389 390 391 392 393 394 395 396 397 398 399 400 MUX
19 9 229 392 393 394 395 360 397 398 399 400 392 393 394 395 396 397 398 399 400 401 402 403 404 405 406 407 408 409 MUX
19 9 229 401 402 403 404 405 361 407 408 409 401 402 403 404 405 406 407 408 409 410 411 412 413 414 415 416 417 418 MUX
19 9 229 410 411 412 413 414 415 362 417 418 410 411 412 413 414 415 416 417 418 419 420 421 422 423 424 425 426 427 MUX
19 9 229 419 420 421 422 423 424 425 363 427 419 420 421 422 423 424 425 426 427 428 429 430 431 432 433 434 435 436 MUX
19 9 229 428 429 430 431 432 433 434 435 364 428 429 430 431 432 433 434 435 436 437 438 439 440 441 442 443 444 445 MUX
2 1 359 8 446 SHL
2 1 446 356 447 DIV
2 1 356 447 449 MUL
2 1 449 8 450 LSHR
2 1 359 450 451 SUB
2 1 357 447 452 MUL
2 1 452 8 453 LSHR
2 1 360 453 454 SUB
2 1 358 447 455 MUL
2 1 455 8 456 LSHR
2 1 361 456 457 SUB
2 1 362 8 458 SHL
2 1 458 356 459 DIV
2 1 356 459 460 MUL
2 1 460 8 461 LSHR
2 1 362 461 462 SUB
2 1 357 459 463 MUL
2 1 463 8 464 LSHR
2 1 363 464 465 SUB
2 1 358 459 466 MUL
2 1 466 8 467 LSHR
2 1 364 467 468 SUB
2 1 465 454 469 GT
19 9 469 356 357 358 451 465 457 462 465 468 356 357 358 451 454 457 462 465 468 470 471 472 473 474 475 476 477 478 MUX
19 9 469 470 471 472 473 474 475 476 454 478 470 471 472 473 474 475 476 477 478 479 480 481 482 483 484 485 486 487 MUX
19 9 469 479 480 481 482 483 487 485 486 487 479 480 481 482 483 484 485 486 487 488 489 490 491 492 493 494 495 496 MUX
19 9 469 488 489 490 491 492 493 494 495 484 488 489 490 491 492 493 494 495 496 497 498 499 500 501 502 503 504 505 MUX
19 9 469 497 357 358 451 454 457 462 465 468 356 357 358 451 454 457 462 465 468 506 507 508 509 510 511 512 513 514 MUX
19 9 469 506 498 508 509 510 511 512 513 514 506 507 508 509 510 511 512 513 514 515 516 517 518 519 520 521 522 523 MUX
19 9 469 515 516 499 518 519 520 521 522 523 515 516 517 518 519 520 521 522 523 524 525 526 527 528 529 530 531 532 MUX
19 9 469 524 525 526 500 528 529 530 531 532 524 525 526 527 528 529 530 531 532 533 534 535 536 537 538 539 540 541 MUX
19 9 469 533 534 535 536 501 538 539 540 541 533 534 535 536 537 538 539 540 541 542 543 544 545 546 547 548 549 550 MUX
19 9 469 542 543 544 545 546 502 548 549 550 542 543 544 545 546 547 548 549 550 551 552 553 554 555 556 557 558 559 MUX
19 9 469 551 552 553 554 555 556 503 558 559 551 552 553 554 555 556 557 558 559 560 561 562 563 564 565 566 567 568 MUX
19 9 469 560 561 562 563 564 565 566 504 568 560 561 562 563 564 565 566 567 568 569 570 571 572 573 574 575 576 577 MUX
19 9 469 569 570 571 572 573 574 575 576 505 569 570 571 572 573 574 575 576 577 578 579 580 581 582 583 584 585 586 MUX
19 9 469 578 498 499 500 501 502 503 504 505 497 498 499 500 501 502 503 504 505 587 588 589 590 591 592 593 594 595 MUX
19 9 469 587 579 589 590 591 592 593 594 595 587 588 589 590 591 592 593 594 595 596 597 598 599 600 601 602 603 604 MUX
19 9 469 596 597 580 599 600 601 602 603 604 596 597 598 599 600 601 602 603 604 605 606 607 608 609 610 611 612 613 MUX
19 9 469 605 606 607 581 609 610 611 612 613 605 606 607 608 609 610 611 612 613 614 615 616 617 618 619 620 621 622 MUX
19 9 469 614 615 616 617 582 619 620 621 622 614 615 616 617 618 619 620 621 622 623 624 625 626 627 628 629 630 631 MUX
19 9 469 623 624 625 626 627 583 629 630 631 623 624 625 626 627 628 629 630 631 632 633 634 635 636 637 638 639 640 MUX
19 9 469 632 633 634 635 636 637 584 639 640 632 633 634 635 636 637 638 639 640 641 642 643 644 645 646 647 648 649 MUX
19 9 469 641 642 643 644 645 646 647 585 649 641 642 643 644 645 646 647 648 649 650 651 652 653 654 655 656 657 658 MUX
19 9 469 650 651 652 653 654 655 656 657 586 650 651 652 653 654 655 656 657 658 659 660 661 662 663 664 665 666 667 MUX
2 1 585 8 668 SHL
2 1 668 582 669 DIV
2 1 582 669 670 MUL
2 1 670 8 671 LSHR
2 1 585 671 672 SUB
2 1 583 669 673 MUL
2 1 673 8 674 LSHR
2 1 586 674 675 SUB
7 3 12 677 677 676 678 677 676 679 680 681 MUX
7 3 12 679 678 681 679 680 681 682 683 684 MUX
7 3 12 682 677 676 678 677 676 685 686 687 MUX
7 3 12 685 683 687 685 686 687 688 689 690 MUX
7 3 12 688 689 684 688 689 690 691 692 693 MUX
7 3 12 691 683 684 682 683 684 694 695 696 MUX
7 3 12 694 692 696 694 695 696 697 698 699 MUX
7 3 12 697 698 693 697 698 699 700 701 702 MUX
7 3 229 702 701 702 700 701 702 703 704 705 MUX
7 3 229 703 704 700 703 704 705 706 707 708 MUX
7 3 229 706 692 693 691 692 693 709 710 711 MUX
7 3 229 709 707 711 709 710 711 712 713 714 MUX
7 3 229 712 713 708 712 713 714 715 716 717 MUX
7 3 229 715 707 708 706 707 708 718 719 720 MUX
7 3 229 718 716 720 718 719 720 721 722 723 MUX
7 3 229 721 722 717 721 722 723 724 725 726 MUX
2 1 715 447 727 MUL
2 1 727 8 728 LSHR
2 1 716 728 729 SUB
2 1 715 459 730 MUL
2 1 730 8 731 LSHR
2 1 717 731 732 SUB
7 3 469 715 732 732 715 729 732 733 734 735 MUX
7 3 469 733 734 729 733 734 735 736 737 738 MUX
7 3 469 736 729 732 715 729 732 739 740 741 MUX
7 3 469 739 737 741 739 740 741 742 743 744 MUX
7 3 469 742 743 738 742 743 744 745 746 747 MUX
7 3 469 745 737 738 736 737 738 748 749 750 MUX
7 3 469 748 746 750 748 749 750 751 752 753 MUX
7 3 469 751 752 747 751 752 753 754 755 756 MUX
2 1 746 669 757 MUL
2 1 757 8 758 LSHR
2 1 747 758 759 SUB
2 1 759 8 760 SHL
2 1 760 675 761 DIV
2 1 583 761 762 MUL
2 1 762 8 763 LSHR
2 1 746 763 764 SUB
2 1 764 8 765 SHL
2 1 765 582 766 DIV
2 1 579 766 767 MUL
2 1 767 8 768 LSHR
2 1 580 761 769 MUL
2 1 769 8 770 LSHR
2 1 770 768 771 ADD
2 1 745 771 772 SUB
2 1 772 8 773 SHL
2 1 773 578 774 DIV
1 0 774 OUT
1 0 766 OUT
1 0 761 OUT
